model:
  class_weight_scale: 1.0
  n_chains: 4
  n_draws: 100
  n_trials: 1
  prior_mean: -0.19505649014045545
  prior_var: 0.8433292626758995
  refutation_placebo: true
  u_var: 1.2407931795184206
