model:
  class_weight_scale: 1.0
  max_treedepth: 12
  n_chains: 4
  n_draws: 1000
  n_trials: 5
  prior_mean: -0.4071234184212288
  prior_var: 0.6467329550924543
  refutation_placebo: true
  target_accept: 0.95
  u_var: 3.748353982441549
