model:
  class_weight_scale: 1.0
  max_treedepth: 12
  n_chains: 4
  n_draws: 1000
  n_trials: 5
  prior_mean: 0.42094142429167847
  prior_var: 1.9940708592467702
  refutation_placebo: true
  target_accept: 0.95
  u_var: 3.4707724509517965
